Diabetes_Number,Hispanic or Latino,White,Black/African American,American Indian or Alaskan Native,Asian,Native Hawaiian or Other PI,Other Race,Two or More Races,Whiteness
0.09380434782608696,0.027681159420289855,0.7502173913043478,0.1897644927536232,0.0028804347826086956,0.010289855072463768,9.057971014492754e-05,0.0007427536231884058,0.018333333333333333,4
0.08028081707967535,0.04494322632107522,0.8301883165871403,0.0938411490243,0.006717698107223688,0.008015107612910665,4.324698352289928e-05,0.0019701403604876337,0.014281115003339628,5
0.13187495151656195,0.04289814599332868,0.4614847568070747,0.473159568691335,0.0024435652781010005,0.0032968737879140488,3.878675044604763e-05,0.0033356605383600964,0.013342642153440385,3
0.1052514760065699,0.02428197274381853,0.7458161317530075,0.2208017046211213,0.00035512940027522527,0.001642473476272917,0.0,0.0,0.007102588005504506,4
0.10897736143637783,0.09126550438025847,0.8714025500910747,0.014224997831555208,0.002151097233064446,0.003434816549570648,0.000312256049960968,0.0030184751496226906,0.01419030271489288,5
0.2242078825347759,0.004926584234930448,0.21522411128284388,0.7624613601236476,0.01178516228748068,0.005409582689335394,0.0,0.00019319938176197836,0.0,2
0.1453183520599251,0.0033458177278401996,0.5185518102372035,0.45078651685393256,9.987515605493134e-05,0.01153558052434457,0.0,0.0,0.01568039950062422,3
0.12764774366192289,0.036516707501433564,0.7247997358772524,0.20519904776798903,0.001972232358511877,0.009252984413282594,7.819423447844445e-05,0.00033015343446454325,0.021850944412587534,4
0.14151835865901968,0.02270442854608881,0.5579140306273281,0.393750369538225,0.0028676166262638207,0.011973038491101519,0.0,0.0005321350440489564,0.010258381126943772,3
0.12284841217653657,0.015394731752601245,0.9178818705759486,0.049007852086798434,0.00912853440606506,0.0016245696824353072,0.0,0.0,0.006962441496151317,5
0.14108809469610745,0.07776007284315957,0.8013885727293422,0.09360346005007968,0.000887776007284316,0.004325062599590257,0.0,0.001821078989301161,0.020213976781242888,5
0.13759082217973231,0.0055831739961759086,0.5636711281070745,0.4260038240917782,0.0006883365200764819,0.000994263862332696,0.0,0.0003824091778202677,0.0026768642447418736,3
0.18608274900561775,0.0019682617788165826,0.5287653257883298,0.45815393447328495,0.0010251363431336368,0.005043670808217493,0.0,0.0,0.005043670808217493,3
0.12453281506951712,0.03102107938406339,0.802810584541785,0.1473314396770818,0.00889520107639408,0.001345492599790701,0.0,0.0019434893108087904,0.006652713410076245,5
0.1040969339938412,0.024233498460302583,0.9264292408622306,0.026308742803588164,0.002610791270585085,0.00020083009773731424,0.0,0.0007363770250368188,0.01948051948051948,5
0.11920917173607862,0.0691974730931212,0.706266573077523,0.17052721884261426,0.01132818593043207,0.012985493682732803,0.0,0.0007994072687568242,0.02889564810481984,4
0.12859895403248003,0.024754564638957702,0.786585925314249,0.15709698137443803,0.006734562803926966,0.0044774749977062114,0.0005321589136618038,0.00033030553261767135,0.019488026424442608,4
0.1833945980501838,0.008390602525171808,0.5013584785040754,0.4763464919290395,0.004474988013424964,0.001438389004315167,0.0,0.000159821000479463,0.007831229023493686,3
0.20727775218793182,0.004606172270842929,0.6526024873330263,0.34205435283279595,0.0007369875633348687,0.0,0.0,0.0,0.0,4
0.1264490910551257,0.01617091911863136,0.833873256405451,0.12824288506331824,0.001552836604106985,0.0038553184653690666,0.00034804958367915185,0.0,0.015956734759444192,5
0.14835917778579155,0.01983411467724486,0.7117922827262892,0.226974395961053,0.007645149657410747,0.013559322033898305,0.0,0.0,0.02019473494410386,4
0.11685881938454436,0.04304301872122265,0.921191063380025,0.011589906819092975,0.004227764751618821,0.004057682261611167,0.0,0.00010933874357634881,0.01578122532285301,5
0.11643487970764389,0.062328697594152875,0.6903867627652015,0.19512739823368186,0.006090752207897675,0.010821236422698203,8.121002943863567e-05,0.004953811795756776,0.03021013095117247,4
0.1236603462489695,0.01029253791001524,0.27540033475730097,0.70246571235854,0.0002498188813110495,0.005595942941367509,9.992755252441979e-05,0.0,0.005895725598940768,2
0.11637640449438202,0.14353932584269663,0.806755617977528,0.01375,0.012780898876404495,0.001966292134831461,0.0013904494382022473,0.0001544943820224719,0.019662921348314606,5
0.1141580062059794,0.028899669999507462,0.7322932571541152,0.21115106141949466,0.00229030192582377,0.004826872875929666,0.0,0.002425749889178939,0.018113086735950353,4
0.14128804114873553,0.022449635662237462,0.6022288898414059,0.3191170167166738,0.03844299185597943,0.003616588084012002,0.0019288469781397343,0.0010447921131590226,0.011171238748392627,4
0.13160221101817582,0.03769222549276756,0.7807925081844588,0.15364439133855973,0.004118944229106559,0.0071790089276173264,0.0006411564130213038,0.0007771592885106713,0.015154606125958092,4
0.14892975580343684,0.01718420259270425,0.8466686765149232,0.11202894181489298,0.0,0.0065119083509195055,0.0003617726861621948,0.0,0.01724449804039795,5
0.10585885486018642,0.1690761524316784,0.7708135184832922,0.042419630968232834,0.005040897850485068,0.0037727474478473147,0.0,0.0005389639211210449,0.008338088897343224,4
0.14586085840474122,0.03876788343210902,0.8393416632063719,0.09316371597901174,0.00720999584764637,0.004114604960175154,0.00015099467743762032,0.0,0.01725114189724812,5
0.16294801803940184,0.016971279373368148,0.17149299786375505,0.7959886066935675,0.005696653216235461,0.0,0.0,0.0,0.009850462853073819,1
0.1320615301941291,0.008732451131860013,0.3961845905823873,0.587290924968093,0.0019480083294149259,0.0026197353395580034,0.0,0.0010747632162289246,0.002149526432457849,2
0.12567157206260218,0.026162111656155104,0.6893833216538192,0.276045316514833,0.000233590282644242,0.0,0.0,0.0,0.00817565989254847,4
0.12241260349586017,0.032936599202698556,0.6691390677706225,0.2672397270775836,0.0026544771542471634,0.008126341613002146,0.00012457835019932535,0.000718721251149954,0.01906048758049678,4
0.12210619265174492,0.028890083310937918,0.8933274465389488,0.034533727492609516,0.010461857411602105,0.004127154758705417,0.0014780972856758936,0.0009598034322570737,0.026221829769263256,5
0.09485036945439557,0.03795772641583774,0.501388105932486,0.42544537590999737,0.0019169803543610166,0.015410097409879192,0.0003121722948603711,0.002220060252283707,0.015349481430294654,3
0.16399913873537644,0.015646307327926507,0.8599009545682911,0.11182085695830044,0.0,0.0,0.0,0.007679609560037322,0.004952271585444628,5
0.11259923313711724,0.026051736242371875,0.8478803261867474,0.0991845331317168,0.00450396932548469,0.006610142031646595,0.0006588540260301345,0.0011772965383161419,0.01393314251768645,5
0.16764643815380906,0.021313798197220464,0.765427632570619,0.10898073618522203,0.05661571854933526,0.001326459859515842,0.0007235235597359139,0.0,0.045612131078351575,4
0.07704960229020573,0.036820330598228354,0.6742232573907475,0.22844927709103693,0.001418822628337529,0.04064989609949337,0.0,0.0018520029883166862,0.01658641320383961,4
0.09692430039117912,0.05888105575377208,0.768967888922323,0.1333125564200662,0.008823023685681124,0.012498387998108585,0.0,1.0746679276103683e-05,0.0175063405407729,4
0.12631887456037513,0.006838608831574834,0.2447245017584994,0.7411098085189527,0.0012700273544353263,0.0,0.0,0.0,0.00605705353653771,2
0.1273223470137504,0.017214233231867323,0.15597774745460272,0.8178335257688675,0.0022567439907630943,0.00262412091949197,0.0,0.00047234176550855464,0.003621286868898919,1
0.09988813066338517,0.04836670768542343,0.6491637767088041,0.23854178319722563,0.005165566618189954,0.025148226871014655,0.00085859715851885,0.0029813178207853228,0.029774023940038037,4
0.1367591360425837,0.00588596581021599,0.4499436994574675,0.5383355512334937,0.0026102978810523085,0.0,0.0,0.0003582761797522776,0.002866209438018221,3
0.14413482396128818,0.02509594526948106,0.9197063240447189,0.03494076422492908,0.004071416652761555,0.0016352411146337393,0.0,0.0,0.014550308693475721,5
0.0852593410058332,0.13622365862630723,0.8124126333490987,0.025813232434704923,0.0035104314467391874,0.0059908560618004095,0.0004834725944610857,0.0009459246413369069,0.014619790845551527,5
0.10905105158696664,0.028874328062335558,0.5715226246144423,0.3535435140681861,0.006926173072331723,0.019575120761879037,0.00014952044933306646,0.003171280497951329,0.01623743847354091,3
0.1692078839717367,0.014038676087764969,0.54337114168836,0.4078653774637412,0.016084046113796952,0.005578281889178133,0.0,0.0,0.013062476757158796,3
0.11956852221502505,0.03414543868230069,0.345433394582733,0.5750966110134352,0.001247020150611833,0.026698569231650517,0.00017185083347654237,0.0008328155776170899,0.016374299928175164,2
0.09053743221235372,0.08135357028928325,0.7597001393529322,0.12710498480549354,0.005985460284414298,0.006505935091754672,0.0004029482379409345,0.0007471331911821494,0.018199828746998874,4
0.14621547543748684,0.00938224752266498,0.2949609951507485,0.6924942019818681,0.0006325110689437065,0.002213788741302973,0.0,0.00031625553447185326,0.0,2
0.14676322790422702,0.04591585377869741,0.538230367523894,0.4014188590008868,0.0012316484382697802,0.0006404571879002857,0.0003941275002463297,0.0003941275002463297,0.0117745590698591,3
0.1079244379247373,0.007873544292428824,0.5617758883932581,0.3790378109750621,0.006256923030865491,0.02140526300032931,8.981229230907404e-05,0.0006286860461635183,0.02293207196958357,3
0.1360414636307256,0.02945866926552671,0.7526800744219013,0.19549038717108178,0.002259236289536635,0.0030123150527155136,0.002259236289536635,0.0005758837600779658,0.01426419774962346,4
0.11985295380756876,0.0535962757459674,0.46989504062666415,0.4257983611907993,0.0027485269613316612,0.00774741037225362,0.0012368371325992475,0.004122790441997492,0.03485475752838713,3
0.0780835080776859,0.05739346116888588,0.7812989619475436,0.11912279123927275,0.002215269264085657,0.02011256218611102,0.00022247362267526898,0.002229469708086206,0.01740501086333966,4
0.10785054864499576,0.02392733603646943,0.8602959704945823,0.09405997296863904,0.00326438045495155,0.00801777655602135,9.163173206881543e-05,0.0,0.010342931757267542,5
0.13492491336157103,0.0010011551790527532,0.24651520985752792,0.7196765498652291,0.0006160954948016943,0.026030034655371584,0.0,0.003927608779360801,0.0022333461686561418,2
0.1289890150809905,0.022565630236455036,0.6287469744926457,0.3226214857568423,0.0037361136970148327,0.005585552038726494,0.0003475454601874263,0.0008688636504685657,0.015527834667659654,4
0.10965646225022148,0.023476720149621027,0.6890441972635102,0.27099123929520624,0.0031991337730091544,0.0038143518062801456,0.0,0.0,0.009474357712373266,4
0.0907217294738935,0.036064651598104874,0.6195875138812781,0.31548932414542247,0.001372367406516563,0.015915582431757454,0.0003540028999141664,0.000552826446441301,0.010663731190565096,4
0.11295799544136573,0.023956088257640364,0.8911819887429644,0.06130897926906796,0.0008528057308545113,0.004791217651528073,0.0,0.0012404446994247439,0.016668475648519993,5
0.0934927597188007,0.010935528450399568,0.6510244547257105,0.24550862224358588,0.07318392116805865,0.003725289911674578,0.0,0.0,0.01562218350057081,4
0.13516514016097697,0.006476084744194653,0.26838745489869553,0.6948838930520862,0.0010176704598020168,0.0,0.0,0.0,0.029234896845221573,2
0.16745549738219895,0.030743455497382197,0.9393926701570681,0.003769633507853403,0.0038952879581151834,0.0012984293193717277,0.0003769633507853403,0.0,0.020523560209424085,5
0.13343065693430656,0.10102189781021897,0.15036496350364964,0.034160583941605836,0.385985401459854,0.25635036496350366,0.0072992700729927005,0.0,0.06481751824817518,1
0.06504347826086956,0.13878260869565218,0.24156521739130435,0.042782608695652175,0.1102608695652174,0.3947826086956522,0.025565217391304348,0.0006956521739130435,0.04556521739130435,2
0.06110525747014643,0.09066501864159507,0.5849442102988058,0.052922542821635055,0.06903806667747339,0.09434943534878694,0.022606311125520074,0.0027016804452369373,0.08277273464094667,3
0.0397450110864745,0.02378048780487805,0.09944567627494456,0.006596452328159645,0.8225055432372506,0.010365853658536586,0.0001662971175166297,0.0,0.03713968957871397,1
0.13595505617977527,0.035955056179775284,0.5393258426966292,0.0044943820224719105,0.32696629213483147,0.0033707865168539327,0.0022471910112359553,0.0,0.08764044943820225,3
0.05869175627240143,0.004032258064516129,0.8109318996415771,0.008064516129032258,0.01971326164874552,0.04525089605734767,0.0,0.002240143369175627,0.10976702508960573,5
0.054271356783919596,0.03477386934673367,0.1585929648241206,0.013467336683417085,0.7103517587939698,0.01527638190954774,0.0006030150753768845,0.0,0.06693467336683417,1
0.052321555798621217,0.07978686040560745,0.7043240042949033,0.04264798852016497,0.06716305580363863,0.029341816101873502,0.005268280934843908,0.0008830642328881218,0.0705849297060801,4
0.05798252581413821,0.03852263701350278,0.7779984114376489,0.0003971405877680699,0.08419380460683082,0.02938840349483717,0.0015885623510722795,0.0,0.06791104050833995,4
0.12101313320825516,0.06660412757973734,0.43198874296435275,0.03048780487804878,0.3606941838649156,0.028142589118198873,0.0014071294559099437,0.0,0.08067542213883677,3
0.044973708629755645,0.06566656356325394,0.6502629137024436,0.009928858645221156,0.10559851531085679,0.06585214970615527,0.009897927621404269,0.0031549644293226106,0.08963810702134241,4
0.07317073170731707,0.04079354173823428,0.8064926142219169,0.005444864307798007,0.07516317416695294,0.015218138096873926,0.0033321882514599794,0.0017691514943318448,0.051786327722432156,5
0.08164300202839757,0.050782381918284554,0.6402492031295277,0.007461605331787888,0.1401043175891046,0.07425383946682121,0.00036221385105766446,0.004346566212691973,0.08243987250072443,4
0.04754927100886512,0.0893105722030918,0.49476152099054876,0.0019781668986738957,0.1294600337021027,0.2301267492123965,0.004176130119422668,0.0032236793904315336,0.046963147483332114,3
0.025494022932422544,0.009880458648450842,0.03635032934862162,0.002805562332276165,0.9096121005123201,0.003903391070992925,0.00024396194193705782,0.00036594291290558675,0.03683825323249573,1
0.09527272727272727,0.013818181818181818,0.22181818181818183,0.006545454545454545,0.6661818181818182,0.024727272727272726,0.0036363636363636364,0.0014545454545454545,0.06181818181818182,2
0.06462151086368205,0.04778473672001856,0.7946725431067811,0.009877831902884096,0.05558455114822547,0.013850228098662336,0.0018847135235444212,0.002000695894224078,0.07434469960565994,4
0.04110831234256927,0.025491183879093198,0.14750629722921915,0.00836272040302267,0.7377329974811083,0.015617128463476071,0.004332493702770781,0.0,0.06095717884130982,1
0.039808104521792384,0.02112891701541288,0.31060528733285697,0.007655404715729305,0.5173012146575482,0.055118913953251,0.017250178626110033,0.0,0.07094008369909156,2
0.08986294284975434,0.011507628652702353,0.10886992500646496,0.00995603827256271,0.8247995862425653,0.00982673907421774,0.0,0.0,0.03504008275148694,1
0.06973886328725039,0.10353302611367128,0.6298003072196621,0.00706605222734255,0.06789554531490015,0.09185867895545315,0.0052227342549923195,0.00030721966205837174,0.09431643625192013,4
0.08989805375347544,0.03768921841210998,0.4535063330244053,0.0037071362372567192,0.39125733704046955,0.011739264751312943,0.006333024405313562,0.0013901760889712697,0.09437751004016064,3
0.04921034561684596,0.06477454795147632,0.6190203707942321,0.010070954451819639,0.11959258411535821,0.07084000915541314,0.0009155413138017853,0.0003433279926756695,0.11444266422522316,4
0.043355325164938736,0.051837888784165884,0.8360037700282752,0.006597549481621112,0.04241281809613572,0.017907634307257305,0.0,0.002827521206409048,0.04241281809613572,5
0.07547993019197208,0.055410122164048864,0.7425828970331588,0.0034904013961605585,0.13190808609656776,0.02268760907504363,0.0,0.0,0.04392088423502036,4
0.0531125685410171,0.05010213955488657,0.6964842490054833,0.0026878830233308245,0.12751317062681433,0.035157509945167184,0.00612837329319428,0.0026878830233308245,0.07923879152779272,4
0.14774557165861513,0.048711755233494365,0.6610305958132046,0.0008051529790660225,0.1747181964573269,0.027777777777777776,0.0036231884057971015,0.0,0.08333333333333333,4
0.06821480406386067,0.07256894049346879,0.42380261248185774,0.002902757619738752,0.274310595065312,0.08272859216255443,0.023222060957910014,0.0,0.1204644412191582,3
0.06629732225300092,0.024192059095106185,0.21421975992613113,0.0012927054478301017,0.6984302862419206,0.006094182825484765,0.0,0.0,0.05577100646352724,2
0.11334973854198709,0.06214870948798971,0.18318838958642097,0.007172618215374291,0.7313414054416822,0.003998769609350969,0.00019574396689130618,0.00029361595033695925,0.011660747741953525,1
0.07711495973202195,0.3531703608676027,0.5520474504866208,0.03527902501603592,0.009922473253668464,0.01847496416664687,0.003325968688380491,0.0023044211626636257,0.025475336358381045,3
0.05642682413687356,0.14025403481746151,0.5407332919688768,0.012152592053745265,0.2593480105835954,0.019733698481639174,0.0012551973013258022,0.0019041913605340295,0.024618983432821984,3
0.10694756554307117,0.18711610486891386,0.6242509363295881,0.0057116104868913855,0.15749063670411986,0.008820224719101124,0.0,0.0,0.016610486891385768,4
0.08265793711555215,0.3287573589587898,0.5091475487737269,0.018031099025845456,0.12526729850312837,0.006494363631563663,0.001346392460202223,0.0,0.010955938646743579,3
0.08007154882154882,0.4644360269360269,0.47074915824915825,0.02135942760942761,0.038825757575757576,0.0030513468013468013,0.0,0.0,0.0015782828282828283,3
0.145355296845563,0.2711946282788271,0.5783778561422154,0.008115549973431235,0.1133278585575576,0.007632481522631757,0.0003864547606395826,0.0,0.02096517076469736,3
0.06491435062259149,0.30820823086884946,0.5568698748658,0.05183909496973727,0.01585692984318203,0.040642580137393504,0.0019598426201946303,0.0015131950277309386,0.023110251667112138,3
0.1136588632657815,0.16247864741051324,0.776006483422626,0.00985130833139219,0.021080829256929886,0.011777894246447705,0.0021643761161580866,0.0007716049382716049,0.015868856277661308,4
0.10649924106526838,0.11341704613403247,0.4146359413090474,0.007248976588013431,0.4336875028747528,0.006301458074605584,0.0008003311715192494,0.0010763074375603698,0.0228324364104687,3
0.06661129209725788,0.3695379721139683,0.5208762780444082,0.03218916528230243,0.024591015982787467,0.027588891874452057,0.0013474260631819261,0.0011571781328636628,0.02271207250603596,3
0.10305178916470703,0.29870556869920734,0.5714963034968468,0.04176345715368066,0.041665773216017304,0.016856435584590716,0.0031449462857469604,0.0011769723220901504,0.02519054324182016,3
0.06459299330242144,0.835029194573244,0.14872059076077623,0.002146659797355315,0.002125193199381762,0.008414906405632836,0.0,0.0003863987635239567,0.0031770565000858665,1
0.0897638496294153,0.144499098577756,0.8067261679538827,0.0054485966747535,0.011836453070399964,0.009641879409735361,0.0008502303634623517,0.0005875937590420441,0.020409980190967972,5
0.08651343171549687,0.633549697106756,0.31350292788783085,0.017172771846085004,0.00907957984689336,0.011639376602880253,0.00047635315571936546,0.0002935105302917302,0.014285783023543394,2
0.13705583756345177,0.030567203707790775,0.7004524387552417,0.25805561686161993,0.0009931582432134187,0.0,0.0,0.0,0.009931582432134187,4
0.09943029653795589,0.05341578614208502,0.6805278278229537,0.25563616886594925,0.002434630179675707,0.002288552368895165,0.0,0.00024346301796757073,0.005453571602473584,4
0.1256702006356292,0.022489628569349086,0.9488827967684805,0.0017952885805089887,0.0031296246876440477,0.00417283291685873,0.00031538853441374123,0.0019651131759625415,0.01724932676678231,5
0.06998609931268823,0.16440265657579736,0.7369410765310063,0.01635647540350606,0.013028033052745386,0.037852343810332846,0.00556027492470461,0.0018148119545910882,0.024044327747316394,4
0.08308302939283416,0.02410963312593864,0.9402488736322677,0.004183651576914825,0.007750482729028106,0.005149109633125939,0.0009654580562111135,5.363655867839519e-05,0.017539154687835228,5
0.13527584947022286,0.15107782243332116,0.5566313481914505,0.2893679210814761,0.0,0.0,0.0,0.001826817683595177,0.0010960906101571063,3
0.07727797001153403,0.039600153787004995,0.725682429834679,0.21280276816608998,0.0013456362937331796,0.0,0.0019223375624759708,0.0017301038062283738,0.016916570549788543,4
0.06680532147595654,0.14996234804747732,0.8002653566177789,0.00613188941083659,0.005056119338759995,0.011976906802452756,0.007458672499731057,0.0,0.019148707282963386,5
0.06733789026417883,0.05357472750785147,0.38998706816922224,0.5409200073896175,0.0022168852761869575,0.003971919453168299,0.0,0.0,0.009329392203953445,2
0.10600848782666965,0.04690641054277418,0.6888094706276524,0.2397587670314943,0.0038418583873129327,0.006968952423497878,0.00035738217556399374,0.0,0.013357158811704265,4
0.07370028550561052,0.019918996082597437,0.9551158621605471,0.006174888785605206,0.00424938583095412,0.0,0.0,0.0,0.01454086714029613,5
0.10039635354736424,0.024494649227110584,0.9474038842647642,0.005548949663099485,0.010820451843043996,0.006024573919936584,0.0,0.0,0.005707491082045184,5
0.1160953075613907,0.018721128130318503,0.8459761731096523,0.11232676878191102,0.0015803549720398735,0.00036469730123997083,0.0,0.0,0.021030877704838316,5
0.1359032312070986,0.027205759249958144,0.5922903063787042,0.3470199229867738,0.0034321111669177967,0.011175288799598192,0.0,0.010421898543445504,0.008454712874602378,3
0.12804936381899934,0.03884052425141108,0.8164641729646991,0.10786377116617239,0.003061322108485602,0.00047833157945087533,0.0,0.00014349947383526261,0.03314837845594566,5
0.10007473912261947,0.049696786217727364,0.7671545207708537,0.13781326572123254,0.0017123773663446893,0.012563741118816283,0.0018921296865687174,0.004030236232391368,0.02513694288606541,4
0.10321423997951082,0.07547381226789601,0.8457869125368165,0.013878217441413753,0.015687027788449225,0.018472275579459598,0.0001440645409143296,0.0007203227045716481,0.029837367140478934,5
0.11586721890110786,0.02468732785179442,0.4265194948279028,0.48366759839226325,0.0031420235447738357,0.007181768102340195,0.0015506090220961785,0.0004896660069777406,0.05276151225185155,3
0.14195787739734086,0.01941404871161313,0.7285563007412637,0.19461113072126132,0.0014119308153900459,0.0005883045064125191,0.0,0.0004706436051300153,0.054947640898929284,4
0.06772103979136872,0.058719609657609154,0.4551190376041053,0.4707663834440986,0.0019348868511819635,0.00328089509548246,0.0,0.00016825103053756205,0.010010936316984942,3
0.1289049832450546,0.032915360501567396,0.6667387309480056,0.28759053075343205,0.0008647713760674522,0.0023240730731812777,0.0,0.0,0.00956653334774619,4
0.07657495752189257,0.04048490393412626,0.8029505946935042,0.1133185204548425,0.0032838844595477717,0.013266239707227814,0.0013315252908116587,0.0034227551953992944,0.02194157626454058,5
0.10731158605174353,0.03065241844769404,0.9209223847019122,0.009505061867266592,0.010292463442069742,0.005905511811023622,0.0017435320584926885,0.0,0.02097862767154106,5
0.0986901721723371,0.01507537688442211,0.9526320125216245,0.005848916714721147,0.004530850976192438,0.0004942746519482659,0.0004118955432902216,0.0,0.0210066727078013,5
0.12393179783511028,0.055282005371530885,0.8229124277691869,0.08127492471718076,0.0077419223569626435,0.005320664116545943,6.104012370798405e-05,0.0037031008382843655,0.023703914706600472,5
0.12700431272807697,0.026595156474621254,0.9273471193188101,0.029193851597921042,0.0018246157248700651,0.0004976224704191087,0.0,0.0,0.014541634413358399,5
0.11068283172355063,0.027878000134459808,0.934137104183941,0.016067947022835757,0.0022858167312820744,0.0028908858660332114,0.0008963987181498331,0.0009188086861035789,0.01492503865719472,5
0.15137614678899083,0.12653283676991553,0.5487328549368699,0.3022527023344536,0.0023162866745390135,0.0007720955581796712,0.0022708692887637386,0.0,0.01712235443727859,3
0.12130071599045346,0.03424821002386635,0.8258949880668258,0.12028639618138424,0.0006563245823389022,0.004206443914081146,0.0002983293556085919,0.0,0.014409307875894988,5
0.06886249906639778,0.12181641646127418,0.6462767943834491,0.20621405631488535,0.0010456344760624394,0.0025393980132944953,0.0010456344760624394,0.0016431398909552619,0.01941892598401673,4
0.08321704594246458,0.06185594675826535,0.8897058823529411,0.017979819665092316,0.0020395019321597253,0.0063331902103907255,0.00018784886217260627,0.0,0.021897810218978103,5
0.13046684858765395,0.022273028984438382,0.9321483885242274,0.01873294490744155,0.010251493472969983,0.0013275315288738107,0.0,0.0,0.015266612582048823,5
0.22211901306240928,0.02815674891146589,0.7696371552975326,0.12371552975326561,0.0009869375907111755,0.00040638606676342525,0.00040638606676342525,0.0008708272859216256,0.0758200290275762,4
0.10675337952970579,0.020333977053277292,0.3923520390775872,0.5658866295581052,0.003024537089628536,0.009386004771100761,0.0,0.0012353743042144724,0.007781438146086561,2
0.09372028450800654,0.1379559545091476,0.7979536723593625,0.015100224411395535,0.0017116123388231715,0.018637556578296757,0.0007226807652808946,0.00258643642311057,0.025331862614582937,4
0.14793926247288502,0.02487346348517715,0.589298626174982,0.3638467100506146,0.003036876355748373,0.005061460592913955,0.0,0.004193781634128706,0.009689081706435286,3
0.0869878217049613,0.014397984282200491,0.9547063411122443,0.010378547003419522,0.002819605255264263,0.0009598656188133662,5.9991601175835386e-05,0.0,0.016677665126882235,5
0.111406682272824,0.017769738242179187,0.40912960204298787,0.5633113428389019,0.0021281123643328366,0.001383273036816344,0.0,0.0,0.006277931474781869,3
0.11712303760496531,0.03767798466593647,0.6432274552756481,0.3116465863453815,0.002774735304855787,0.0,0.0,0.0,0.004673238408178167,4
0.15696222920190062,0.00861721832970927,0.7306112587581541,0.22243698155754207,0.011516469356527342,0.0035435290327776436,0.0,0.0,0.023274542965289524,4
0.11550305648756722,0.029507744633910926,0.9064209220021142,0.013466930183389254,0.010479385944753413,0.02311899618513582,0.0,0.0004136599715034242,0.016592361079192902,5
0.10220757277788549,0.04426224967454228,0.8613134642550481,0.06054898484890452,0.005484308783203612,0.006592249951527574,0.0011771874913442096,0.0007201617594105753,0.019901393236019166,5
0.09094302065190346,0.05573525752674795,0.8956830057228167,0.0006842498133864145,0.011259019656631003,0.010077133615327196,0.003670067180890769,0.0009952724558347848,0.021895994028365263,5
0.1126049397736951,0.022265482418785742,0.9433629395303564,0.00882102445552987,0.00833434724419029,0.004319260250638764,0.0,0.0,0.012896946100498845,5
0.09248383189743824,0.0321076807056834,0.6898923649992001,0.2461665028908339,0.0064672410247034896,0.0041134395210128205,0.0007769830206357549,0.002011014876939601,0.01846477296099088,4
0.1288085732296701,0.04034461021222946,0.5849501529266186,0.3517545702878756,0.0004902990824402886,0.005510027783614671,0.0005836893838574864,0.00035021363031449183,0.016016436693049425,3
0.14208856393985378,0.02745206235342806,0.5418678438405298,0.3996413298385984,0.0049662022347910055,0.004276451924403366,0.0,0.0,0.021796109808249413,3
0.07717113310352497,0.04258868008451017,0.9035916824196597,0.002223951962637607,0.011230957411319915,0.011675747803847437,0.0,0.0062270654953853,0.02246191482263983,5
0.11327014218009479,0.002843601895734597,0.6308056872037915,0.3468009478672986,0.0007109004739336493,0.003080568720379147,0.00011848341232227489,0.0,0.015639810426540283,4
0.09964322120285422,0.009301732925586137,0.9406218144750255,0.00025484199796126404,0.026121304791029563,0.0022935779816513763,0.0,0.0,0.021406727828746176,5
0.1383472994275284,0.022649962664896706,0.552642495644238,0.40778229486434914,0.001991205509001908,0.0006222517215630964,0.0,0.0,0.014311789595951216,3
0.09300523154427437,0.028773493509009884,0.9216237163340438,0.018019763611703158,0.005812826971517148,0.0,0.0,0.00029064134857585737,0.025479558225150165,5
0.14453083955027846,0.018020384574971106,0.3459598613008301,0.6263003047178732,0.00010507512871703268,0.0005779132079436797,0.0,0.00036776295050961437,0.008668698119155195,2
0.1277757216876388,0.06504441154700222,0.8750925240562546,0.0328460399703923,0.006939304219096965,0.004163582531458179,0.0,0.0,0.015914137675795706,5
0.15510933732435353,0.029392200881350295,0.8707075746237632,0.04743493805604058,0.001787644466616779,0.0004988775255674732,0.0,0.0,0.05017876444666168,5
0.1022665277984427,0.06541685265089521,0.8770520259881962,0.004513217279174726,0.014829142488716958,0.007786539701433319,0.0,0.003322918216535238,0.027079303675048357,5
0.10634152473131796,0.08740808245867639,0.8436773301489535,0.029256489221293445,0.0052636540757966185,0.0102759097479731,0.0,0.0002985356042989127,0.023819998743007983,5
0.10249878699660359,0.007399320718098011,0.848859776807375,0.13015526443474043,0.003517709849587579,0.003517709849587579,0.0,0.0,0.006550218340611353,5
0.0905218533890099,0.06119508060478368,0.527076243509555,0.3632285627873523,0.002112015615191263,0.02142005728619972,0.00031006727443241166,0.0022390923670078254,0.0224188805554779,3
0.12730784525364994,0.01954212350167585,0.9451797988979151,0.01141850820882804,0.003919786400045447,0.0,0.0,0.0,0.019939782991535534,5
0.08166326297146828,0.04619139218195222,0.851816386885746,0.07013871823335509,0.0030421408536637036,0.011736392986975569,0.00041522256777025483,0.0009745019447669245,0.015685244345770236,5
0.12353955180999808,0.07584753878567324,0.8433250335184831,0.002681478643937943,0.023750239417736067,0.00900210687607738,0.0,0.0014365064163953266,0.04395709634169699,5
0.13694307711725356,0.023097311624384703,0.9326012873911397,0.006815600151457781,0.01476713366149186,0.0121166224914805,0.0,0.0,0.010602044680045438,5
0.10731125599202894,0.14012129200304407,0.6996493044931391,0.06895442527518221,0.011423101968445249,0.04385655220028087,0.00014121966719231766,0.0007139438730278281,0.03514016051968837,4
0.1036468330134357,0.3317047635665678,0.5780841039958122,0.05048566276973187,0.018728552317803758,0.0035479555633106496,0.0029081602977956145,0.0,0.014540801488978072,3
0.163820923546324,0.021885818224490993,0.9369242504253946,0.006043536935985448,0.005574136008918618,0.0011148272017837235,0.0,0.0,0.028457431203426628,5
0.11622423366547502,0.026926294972237013,0.40130828325853807,0.5543089678253594,0.004107400927968358,0.005780786491214726,0.0,0.0013691336426561193,0.006199132882026318,3
0.11409288124698698,0.01896191547485136,0.9479350795436284,0.0007231238952273823,0.0044190904708340025,0.0011248593925759281,0.0,0.0,0.026835931222882855,5
0.09654686398872446,0.03875968992248062,0.6085271317829457,0.3263867915030706,0.008431490989630525,0.005713278969092923,0.0,0.0018373099768448605,0.010344306855934763,4
0.12682809877727164,0.030448333732917766,0.9358067609685926,0.003895948213857588,0.006892831455286502,0.000839127307600096,0.0,0.0,0.022116998321745386,5
0.06910720302456143,0.16650840812325787,0.7139662799907233,0.0348752237134018,0.008624725964757208,0.024206993423154174,0.022049717978899833,0.0029580490878619342,0.02681060171794389,4
0.12649104106390538,0.042916603218110756,0.8821125831176082,0.03984569311202477,0.0033627734632759756,0.0070047205725597686,0.00026648393482564336,0.0004187604690117253,0.024072382112583116,5
0.2051051051051051,0.0018018018018018018,0.6938438438438439,0.27702702702702703,0.0,0.013663663663663663,0.0009009009009009009,0.0,0.012762762762762763,4
0.09887359198998748,0.1999721874565429,0.7548787836647661,0.02011773976730172,0.004913549344087517,0.010012515644555695,0.0,0.0,0.010105224122746025,4
0.05417351098132263,0.22453063211048244,0.3184224615197421,0.10484212447526921,0.0032171320800632717,0.29389000425868467,0.008025795461458903,0.0030279248037963133,0.04404392529050313,2
0.05235602094240838,0.09162303664921466,0.5916230366492147,0.007853403141361256,0.25654450261780104,0.006980802792321117,0.0,0.0,0.04537521815008726,3
0.1440693647730577,0.1356631155991435,0.7867773401358746,0.019799624626609214,0.007137381374078088,0.012318591556742182,0.0018239974622644003,0.00026434745829918843,0.03621560178698882,4
0.08055488274799075,0.16011449961466476,0.7239458328746009,0.014545854893757568,0.007653858857205769,0.04359793019927337,0.0015017064846416382,0.0017879555213035341,0.04685236155455246,4
0.08844920968276777,0.11709959102464905,0.8158505581960871,0.006609925942301315,0.008267934121808334,0.012556648612799823,0.0027854537415717916,0.0011495523377915331,0.03568033602299105,5
0.10869362653745807,0.5895918747670518,0.35743570629891913,0.012905329854640327,0.007407752515840477,0.015095042862467387,0.0024692508386134925,0.0013976891539321655,0.013697353708535222,2
0.06459756787355272,0.2542261307552546,0.4438141023095583,0.08266776792702739,0.002096630302131839,0.16071959599275357,0.004633588264517797,0.0033787867958176812,0.048463397652938854,3
0.12959451575262543,0.19471995332555425,0.6261668611435239,0.02764002333722287,0.06713098016336055,0.0341671528588098,0.0006198949824970829,0.004667444574095682,0.044887689614935826,4
0.06320013286117614,0.12659848602546864,0.7821130284312202,0.0076716614611514996,0.005030509854763448,0.04412812531809002,0.0021214929738938505,0.0009857442100920921,0.031350951725320236,4
0.06732438428429759,0.5274421600400765,0.29797163976158586,0.045468393771789024,0.004557676382484946,0.10018197990042224,0.001128684326214307,0.001905677159477779,0.021343788657949354,2
0.07979352618561135,0.4123740904039861,0.5200200738430656,0.00799369107789368,0.014840305409183784,0.029393841631716672,0.0006093845216331506,0.0,0.01476861311252106,3
0.0762329856814566,0.11313417005479937,0.7461625714454069,0.00988450886806906,0.04359642920275764,0.02982293323905486,0.002717871663425844,0.0019003005126392082,0.05278121501384715,4
0.06352932037111023,0.8379888578150664,0.10971833799440671,0.021673991210547344,0.005970613042127225,0.013184178985217739,0.0017035113419452213,0.0006658676255160474,0.009094641985173348,1
0.09012994194083494,0.21714127730163119,0.6297484102847664,0.008847110865358032,0.10749239701410009,0.015980094000552943,0.0019353055017970694,0.0015482444014376555,0.01730716063035665,4
0.06684536488749826,0.5275357198265562,0.3476914749171341,0.051019587725765043,0.004758491279685364,0.04560654909727955,0.00130569739302171,0.0011765998190369094,0.020905879941521065,2
0.09032816924870898,0.5407562885224054,0.32688988838913874,0.058530734632683656,0.008175912043978011,0.038227552890221554,0.0018990504747626188,0.0013593203398300849,0.024161252706979844,2
0.08100018706740662,0.20000623558022074,0.7112146910270001,0.02222984348693646,0.0325809066533641,0.010008106254286962,0.00046766851655546547,0.0022136309783625367,0.02127891750327368,4
0.1183581850248517,0.18707712041045374,0.6582651915985249,0.08641975308641975,0.027160493827160494,0.013981080647747314,0.006573673240339907,0.0007054673721340388,0.019817219817219817,4
0.06648876436762259,0.48460861560229634,0.26332326274414114,0.07877806531398333,0.0020109819200772585,0.1437465364606956,0.002457998829873326,0.002963343821164716,0.02211119530776827,2
0.08514769728990472,0.5728938863192119,0.3453323269661254,0.031190932373413843,0.009702412055763065,0.01965641591350403,0.0008773457709998516,0.002857824827595105,0.017488855773386748,2
0.06353560383411129,0.15880059163641252,0.7138400660788721,0.02150252598013792,0.0016711807756583875,0.056916191244549455,0.0011218041068787338,0.009423922856758677,0.03672371732073225,4
0.06704675028506271,0.1088369441277081,0.8053021664766249,0.009464082098061573,0.022234891676168756,0.013854047890535917,0.0030786773090079817,0.0011402508551881414,0.03608893956670468,5
0.08194733591086911,0.2479810573997392,0.6556015648234998,0.005845210587723914,0.03247466312827435,0.01906842671181167,0.0019445906064834938,0.002058978289217817,0.035025508453249754,4
0.08799033726656137,0.5890327975471523,0.28247886277060297,0.029872712069125708,0.0031218061878658366,0.07242218712254947,0.002066338381492149,0.0018619344049056955,0.019143361516305864,2
0.09107182814947415,0.14455135377041844,0.77892145893936,0.016670396061758783,0.03255761915417319,0.014544640859252628,0.0006712911165808906,0.00044752741105392703,0.011635712687402103,4
0.08494426414561874,0.27275292789614786,0.6514745308310992,0.002822068576266403,0.024128686327077747,0.02370537604063779,0.0,0.005644137152532806,0.019472273176238182,4
0.06505359962327914,0.5830586410348744,0.30294174676601754,0.02448223964248451,0.0024145222200677727,0.05458528387948625,0.0045312687552514705,0.001223419480531472,0.026762878221286576,2
0.07481676510353662,0.33933679641357717,0.5277093858962499,0.019668398206788586,0.002319789368818046,0.07976944424678005,0.0018786024336440617,0.0036718138475770297,0.025645769586565146,3
0.044362814354337386,0.09366043676583377,0.8524401566221289,0.006065070843256771,0.005752230250676139,0.009980624066524038,0.0015541113308844307,0.001311912162434909,0.02923545795826101,5
0.06523360539943657,0.3413820696786721,0.40959590819997077,0.015932079760266636,0.002006205711302321,0.19898886979320407,0.0026992758317947577,0.001858616223719116,0.02753697480107023,3
0.05348916140676758,0.13812464316441142,0.7324305338128853,0.015438976838903697,0.003273020993114553,0.07155392196844323,0.0015154823890948413,0.0010603114632035087,0.03660310936994346,4
0.06016364511471202,0.087116958126103,0.8327183271832719,0.010374886357559229,0.020696293919460932,0.010695759131504359,0.0021926306219583933,0.006738328252847746,0.029466816407294507,5
0.0706805645650585,0.4844223479683093,0.35936433982325244,0.0606318335273232,0.004222741206888305,0.061975776302130754,0.002452915848118942,0.002242701883030404,0.024687343440946658,2
0.07020489091888005,0.22981438031076348,0.4519798705052837,0.09536477258955658,0.0036217991381588227,0.15346786108555963,0.010817716021544042,0.004030402185926969,0.050903198163206785,3
0.07004847179210986,0.5932408778780126,0.34973744445940486,0.0073044297832233745,0.003248283290696109,0.028695974148377542,0.001329608186347112,0.001413760603204524,0.015029621650733809,2
0.07409948333179577,0.5281474824776284,0.2918695353076899,0.07907791139231615,0.0034695864453386767,0.06820788297158442,0.002827087781145849,0.0019129788944808334,0.02448753472981573,2
0.057558162946779325,0.33514410204815076,0.4588121773035452,0.04709169370658462,0.003718625797913488,0.11576001571983809,0.00387879132853523,0.0019274362342873528,0.03366715786114526,3
0.052039896832803856,0.15246470293456424,0.40649668292638075,0.05013424608410609,0.0015665874369572114,0.3388863091981555,0.003096395124844261,0.004784815480596383,0.04257026081439559,3
0.0726360671499511,0.4114327544481653,0.32488814714864,0.06818517041512567,0.002097753109755098,0.15045369373897177,0.0054069040114065325,0.001459959683807422,0.036075617444128204,2
0.07143593114352205,0.2238439537403848,0.6913147750084383,0.017452168197402782,0.004842692437512213,0.03525963297862891,0.0009166651862642341,0.0008669236645289655,0.025503188786839815,4
0.06253794382029806,0.24675984254538572,0.3956562893718135,0.021983588685723983,0.0015027384830305444,0.27740474061114845,0.01341105968522133,0.003232650290168226,0.04004909032750821,2
0.05861566960684007,0.45085162866376105,0.4492651068873975,0.01776048028341048,0.0031707899706583617,0.05182337325178371,0.0010862265571125304,0.0013611635694937103,0.02468123081638264,3
0.06455103527208407,0.257754135885964,0.32042035168036626,0.023607845177400895,0.0015622723962126729,0.35650036416605974,0.003241598168764957,0.002467485173238997,0.03444594735199251,2
0.047226635983416435,0.3348711486128614,0.5754570525815937,0.00861687944039596,0.0013149964385513122,0.04425693569302139,0.000613665004657279,0.002023633408215075,0.03284568882070389,3
